r:
7999 7752 5771 4623 3854 3326 2921 2632 2468 2442 2548 2772 3157 3649 4272 5256 6380 
7999 6055 4732 3851 3212 2713 2327 2075 1950 1929 2015 2207 2532 3013 3587 4385 5402 
6658 5225 4096 3313 2692 2207 1884 1692 1594 1577 1637 1781 2041 2461 3060 3741 4749 
5968 4622 3653 2899 2292 1868 1603 1436 1340 1323 1378 1509 1726 2077 2617 3324 4231 
5402 4241 3337 2597 2033 1661 1417 1251 1162 1144 1196 1325 1529 1826 2307 2996 3847 
5106 4014 3143 2417 1887 1541 1305 1144 1061 1045 1092 1210 1416 1692 2126 2794 3625 
4999 3931 3072 2348 1831 1496 1262 1104 1024 1009 1057 1167 1371 1644 2061 2714 3540 
5079 3973 3113 2388 1863 1522 1288 1128 1047 1035 1080 1197 1395 1672 2098 2756 3580 
5345 4168 3278 2543 1989 1625 1383 1220 1134 1117 1167 1290 1495 1778 2248 2926 3753 
5860 4523 3564 2817 2221 1810 1553 1389 1297 1279 1333 1457 1664 1994 2518 3213 4083 
6394 5071 3979 3202 2597 2125 1808 1624 1530 1510 1561 1693 1941 2340 2910 3589 4563 
7137 5747 4587 3729 3098 2601 2225 1987 1866 1840 1909 2074 2386 2851 3407 4180 5153 
7999 6944 5511 4462 3718 3214 2820 2532 2369 2334 2418 2626 2986 3449 4050 4967 5995 
gr:
7999 6628 4956 3957 3299 2866 2541 2317 2195 2178 2262 2437 2733 3132 3658 4537 5590 
7139 5305 4073 3288 2757 2357 2052 1855 1757 1744 1809 1963 2224 2609 3090 3755 4809 
5822 4515 3502 2836 2337 1949 1691 1539 1462 1450 1497 1613 1825 2171 2658 3230 4137 
5168 3973 3130 2509 2023 1679 1466 1334 1261 1249 1291 1399 1572 1859 2303 2894 3668 
4701 3637 2883 2282 1820 1519 1324 1191 1120 1105 1147 1250 1418 1661 2066 2648 3373 
4428 3473 2737 2142 1710 1429 1238 1107 1040 1029 1064 1162 1330 1560 1930 2496 3192 
4337 3410 2689 2096 1673 1398 1207 1079 1015 1003 1040 1132 1298 1524 1880 2436 3138 
4411 3457 2727 2132 1701 1420 1230 1100 1035 1026 1060 1157 1320 1551 1914 2477 3178 
4666 3607 2861 2257 1799 1502 1308 1176 1106 1092 1132 1233 1400 1636 2035 2607 3315 
5112 3909 3086 2477 1992 1654 1445 1313 1240 1225 1266 1370 1535 1812 2254 2834 3581 
5721 4439 3452 2799 2299 1910 1655 1506 1432 1416 1458 1561 1766 2103 2573 3137 4015 
6369 5121 4004 3238 2716 2308 1999 1806 1711 1693 1746 1885 2134 2517 2987 3623 4640 
7999 6053 4812 3884 3231 2805 2488 2261 2136 2112 2178 2347 2630 3014 3529 4369 5326 
b:
7999 6220 4684 3741 3125 2717 2408 2189 2069 2049 2128 2291 2574 2952 3451 4273 5346 
6633 4970 3835 3096 2591 2215 1934 1750 1658 1643 1705 1845 2082 2443 2888 3515 4503 
5479 4257 3314 2674 2200 1839 1602 1463 1393 1381 1422 1527 1720 2032 2482 3041 3892 
4862 3766 2968 2375 1915 1595 1404 1287 1220 1208 1245 1337 1492 1750 2163 2710 3458 
4422 3462 2741 2163 1730 1453 1281 1167 1104 1091 1126 1213 1360 1577 1946 2484 3181 
4184 3307 2600 2034 1629 1375 1208 1096 1038 1026 1057 1140 1283 1484 1820 2341 3009 
4107 3251 2562 1996 1597 1346 1181 1074 1017 1005 1040 1117 1257 1455 1775 2292 2956 
4190 3300 2597 2027 1623 1368 1201 1091 1036 1027 1056 1139 1279 1480 1809 2327 2992 
4402 3443 2727 2147 1713 1438 1266 1155 1094 1083 1117 1203 1347 1558 1925 2463 3143 
4843 3729 2943 2344 1887 1577 1385 1268 1204 1192 1228 1318 1468 1716 2122 2677 3382 
5369 4193 3270 2644 2168 1809 1574 1437 1370 1353 1395 1490 1675 1983 2416 2960 3786 
6036 4843 3757 3039 2553 2170 1887 1709 1621 1604 1654 1784 2009 2359 2817 3413 4365 
7837 5773 4546 3652 3049 2656 2357 2144 2029 2004 2064 2224 2490 2855 3336 4106 5070 
gb:
7999 6628 4956 3957 3299 2866 2541 2317 2195 2178 2262 2437 2733 3132 3658 4537 5590 
7139 5305 4073 3288 2757 2357 2052 1855 1757 1744 1809 1963 2224 2609 3090 3755 4809 
5822 4515 3502 2836 2337 1949 1691 1539 1462 1450 1497 1613 1825 2171 2658 3230 4137 
5168 3973 3130 2509 2023 1679 1466 1334 1261 1249 1291 1399 1572 1859 2303 2894 3668 
4701 3637 2883 2282 1820 1519 1324 1191 1120 1105 1147 1250 1418 1661 2066 2648 3373 
4428 3473 2737 2142 1710 1429 1238 1107 1040 1029 1064 1162 1330 1560 1930 2496 3192 
4337 3410 2689 2096 1673 1398 1207 1079 1015 1003 1040 1132 1298 1524 1880 2436 3138 
4411 3457 2727 2132 1701 1420 1230 1100 1035 1026 1060 1157 1320 1551 1914 2477 3178 
4666 3607 2861 2257 1799 1502 1308 1176 1106 1092 1132 1233 1400 1636 2035 2607 3315 
5112 3909 3086 2477 1992 1654 1445 1313 1240 1225 1266 1370 1535 1812 2254 2834 3581 
5721 4439 3452 2799 2299 1910 1655 1506 1432 1416 1458 1561 1766 2103 2573 3137 4015 
6369 5121 4004 3238 2716 2308 1999 1806 1711 1693 1746 1885 2134 2517 2987 3623 4640 
7999 6053 4812 3884 3231 2805 2488 2261 2136 2112 2178 2347 2630 3014 3529 4369 5326 